network: small_chemistry
description: Initial abundances from UCLCHEM for small_chemistry
abundances:
  H: 0.5
  H2: 0.25
  HE: 0.1000000014901161
  O: 0.000334
  C+: 0.000177
  E-: 0.000177
  MG: 2.256e-06
  C: 1.0e-10
metadata:
  n_species: 8
  total_abundance: 0.8506902575901161
  units: fractional (relative to H nuclei density)
